43545 time series points were loaded in 0.616472 seconds
Determined edge cut weights in 73.3278 seconds
Formed 126 clusters in 0.00145148 seconds
Merged clusters based on similarity, resulting in a tree of 251 total clusters in 0.018544 seconds
251
0
270
538
996
1394
1680
2042
2312
2637
2930
3413
3880
4326
4585
4841
5106
5375
5631
5948
6224
6525
6905
7203
7554
8052
8356
8621
8884
9168
9489
9975
10377
10850
11158
11643
11917
12173
12475
12922
13255
13510
13767
14128
14631
14925
15402
15673
15954
16210
16550
16915
17192
17454
17791
18236
18675
19148
19565
19949
20217
20558
20862
21174
21438
21742
22152
22569
23030
23480
23980
24339
24743
25018
25323
25707
26064
26540
26937
27290
27687
28136
28392
28747
29103
29447
29807
30252
30514
30864
31308
31609
31943
32282
32556
32855
33214
33503
33845
34125
34478
34758
35161
35515
35949
36246
36540
36932
37206
37514
37792
38149
38522
38820
39262
39616
39955
40245
40540
40955
41314
41693
41966
42240
42546
42801
43101
8356
11643
15402
17192
21742
23030
24339
34478
35949
42546
15402
28392
41693
39262
29103
4585
19148
20217
41693
25707
33845
12173
6525
25323
9168
9168
11158
2637
2637
14631
14631
3880
2637
30514
35515
33503
1394
23980
23030
270
37792
28136
34478
34478
29103
16210
14631
31943
31943
31943
12922
2312
20217
20217
21438
20217
2312
9168
39955
39955
39955
39955
996
20217
20217
41693
11158
11158
10850
9168
28136
28136
28136
28136
13510
9168
14128
9168
33503
33503
27290
27290
17192
17192
17192
17192
2042
996
996
996
37514
37206
39955
39262
38820
31943
31943
0
0
20217
27290
27290
37206
37206
8052
8052
8052
7554
7203
6525
6224
5948
36932
27290
20217
26937
0
0
26540
20217
0
0
0
0
0
Recommend 0 clusters
